454215276
454215274
15915825
454238786
454238788
132216829
454238789
450724839
352905364
458264621
632315310
164974773
464936535
332695584
274693150
465381659
19908068
41551807
465381271
465381269
465380605
465380604
453989316
36675287
366701672
561726591
561733176
561733177
329989915
26442468

664145565
41551807
41551810
465367055
19908079
465414952
465381658
465381657
26699202
215446977
36675277
453989327
453989326
36675279
126012207
126012206
218948504
360141651
218948503
463886953
463886952
360141653
463886955
463886954
455449062
455449061
37625473

454215276
454215274
15915825
454238786
19908072
454238788
132216829
454238789
450724839
352905364
458264621
632315310
164974773
632315308
464936535
332695584
274693150
465381659
19908068
41551807
465381271
465381269
465380605
465380604
453989316
36675287
366701672
561726591
561726592
561733176
561733177
329989915
26442468

664145565

664145565
41551807
41551810
465367055
19908079
465414952
465381658
465381657
26699202
215446977
36675277
453989327
453989326
36675279
126012207
126012206
360141652
218948504
360141651
218948503
463886953
463886952
360141653
463886955
463886954
165265059
463886954
455449062
455449061
37625473

454215276
454215274
15915825
454238786
454238788
132216829
454238789
450724839
352905364
458264621
632315309
632315310
164974773
632315308
464936535
332695584
274693150
465381659
19908068
41551807
465381271
465381269
465380605
465380604
453989316
36675287
366701672
561726591
561726592
561733176
561733177
329989915
26442468

664145565

664145565
41551807
41551810
465367055
19908079
465414952
465381658
19908073
465381658
465381657
26699202
215446977
36675277
453989327
453989326
36675279
126012207
126012206
360141652
218948504
360141651
218948503
463886953
463886952
360141653
463886955
463886954
165265059
455449062
455449061
37625473

454215276
454215274
454238786
454238788
454238789
450724839
352905364
458264621
632315310
164974773
332695584
274693150
465381659
19908068
41551807
465381271
465381269
465380605
465380604
36675287
561726591
561733176
329989915
26442468

664145565
41551807
41551810
465367055
19908079
465381658
26699202
215446977
36675277
453989327
453989326
126012207
360141652
218948503
360141653
463886954
455449062
455449061
37625473

454215276
454215274
15915825
454238786
454238788
454238789
450724839
352905364
458264621
632315309
632315310
164974773
632315307
632315308
464936535
332695584
274693150
465381659
19908068
41551807
465381271
465381269
465380605
465380604
453989316
36675287
366701672
561726591
561726592
561733176
561733177
329989915
26442468

664145565
41551807
41551810
465367055
19908079
465414952
465381658
465381657
26699202
215446977
36675277
453989327
453989326
36675279
126012207
126012206
360141652
218948504
360141651
218948503
463886953
463886952
329065112
360141653
463886955
463886954
455449062
455449061
37625473

37625473

454215277
454215276
454215274
15915825
454238786
454238788
454238789
450724839
352905364
458264621
632315310
164974773
632315307
632315308
464936535
332695584
329989915
165334553
274693150
465381659
274693150
465381659
19908068
41551807
465381271
26442468
465381271
465381269
465380605
465380604
26134691
36675287
561733176
26134691
13503101
329989915
26442468

664145565
41551807
41551810
141607352
41551810
465414952
19908079
206021786
19908079
465367055

465367055
19908079
41551810

41551810
19908079
465414952
41551810
465381658
19908073
26699202
115794578
26134692
215446976
329065118
127790962
36675282
132220912
197253276
19937715
19937716
126012206
360141652
218948504
360141651
218948503
19903935
19938439

490998043
463886954
165265059

455478684

37625473
345838611

454238788
454238789
450724839
352905364
632315310
164974773
464936535
332695584
274693150
465381659
19908068
41551807
465381271
465381269
465380605
465380604
36675287
561726592
561733176
329989915
26442468

664145565
41551807
41551810
465367055
19908079
465414952
465381658
26699202
215446977
36675277
453989327
453989326
36675279
360141652
218948503
463886953
463886955
463886954
455449062
455449061
37625473

454215276
454215274
15915825
454238786
19908072
454238788
454238789
450724839
352905364
632315310
164974773
632315307
632315308
464936535
332695584
274693150
465381659
19908068
41551807
465381271
465381269
465380605
465380604
453989316
36675287
366701672
561726591
561726592
561733176
561733177
329989915
26442468

664145565
41551807
41551810
465367055
19908079
465414952
465381658
465381657
26699202
215446977
36675277
453989327
453989326
36675279
126012207
126012206
360141652
218948504
360141651
218948503
463886953
463886952
360141653
463886955
463886954
455449062
455449061
37625473

454215277
475251116
454215277
454215275
454215274
15915825
454238786
454238788
454238789
450724839
352905364
458264621
632315310
164974773
632315308
464936535
332695584
274693150
465381659
19908068
41551807
465381271
465381269
465380605
465380604
453989316
36675287
366701672
561726591
561726592
561733176
561733177
329989915
26442468

664145565

664145565
41551807
41551810
465367055
19908079
465414952
465381658
465381657
26699202
215446977
36675277
453989327
453989326
36675279
126012207
126012206
360141652
218948504
360141651
218948503
463886953
463886952
360141653
463886955
463886954
455449062
455449061
37625473

454215276
454215274
15915825
454238788
454238789
450724839
352905364
458264621
632315310
164974773
332695584
274693150
465381659
19908068
41551807
465381271
465381269
465380605
465380604
36675287
561733176
329989915
26442468

664145565
41551807
41551810
465367055
19908079
465381658
26699202
215446977
36675277
453989327
453989326
36675279
360141652
218948503
360141653
463886954
455449062
455449061
37625473

454215276
454215274
15915825
454238786
454238788
454238789
450724839
352905364
458264621
632315309
632315310
164974773
632315307
632315308
464936535
332695584
274693150
465381659
19908068
41551807
465381271
465381269
465380605
465380604
453989316
36675287
366701672
561726591
561726592
561733176
561733177
329989915
26442468

26442468

664145565
41551807
41551810
465367055
19908079
465414952
465381658
465381657
26699202
215446977
36675277
453989327
453989326
36675279
126012207
126012206
360141652
218948504
218948503
463886953
463886952
360141653
463886955
463886954
455449062
455449061
37625473

37625473

454215276
454215274
15915825
454238786
454238788
454238789
450724839
352905364
458264621
632315309
632315310
164974773
632315307
632315308
464936535
332695584
274693150
465381659
19908068
41551807
465381271
465381269
465380605
465380604
453989316
36675287
366701672
561726591
561726592
561733176
561733177
329989915
26442468

664145565
41551807
41551810
465367055
19908079
465414952
465381658
465381657
26699202
215446977
36675277
453989327
453989326
36675279
126012207
126012206
360141652
218948504
218948503
463886953
463886952
360141653
463886955
463886954
455449062
455449061
37625473

454215276
454215274
454238786
454238788
454238789
450724839
352905364
632315309
632315310
164974773
332695584
274693150
465381659
19908068
41551807
465381271
465381269
465380605
465380604
36675287
561726591
561733176
329989915
26442468

664145565
41551807
41551810
465367055
19908079
465381658
26699202
215446977
36675277
453989327
453989326
126012207
218948504
218948503
360141653
463886955
463886954
455449062
455449061
37625473

454215276
454215274
15915825
454238786
454238788
454238789
450724839
352905364
632315309
632315310
164974773
632315307
632315308
464936535
332695584
274693150
465381659
19908068
41551807
465381271
465381269
465380605
465380604
453989316
36675287
366701672
561726591
561726592
561733176
561733177
329989915
26442468

26442468

664145565
41551807
41551810
465414952
41551810
465367055
19908079
465414952
465381658
465381657
26699202
215446977
36675277
453989327
453989326
36675279
126012207
126012206
360141652
218948504
360141651
218948503
463886953
463886952
329065112
360141653
463886955
463886954
455449062
455449061
37625473

454215276
454215274
15915825
454238786
454238788
454238789
450724839
352905364
458264621
632315309
632315310
164974773
632315307
632315308
464936535
332695584
274693150
465381659
19908068
41551807
465381271
465381269
465380605
465380604
453989316
36675287
366701672
561726591
561726592
561733176
561733177
329989915
26442468

26442468

664145565
41551807
41551810
465367055
19908079
465414952
465381658
465381657
26699202
215446977
36675277
453989327
453989326
36675279
126012207
126012206
360141652
218948504
360141651
218948503
463886953
463886952
360141653
463886955
463886954
455449062
455449061
37625473

454215274
15915825
454238786
454238788
454238789
450724839
352905364
458264621
632315310
164974773
632315308
332695584
274693150
465381659
19908068
41551807
465381271
465381269
465380605
465380604
36675287
561733176
329989915
26442468

664145565
41551807
41551810
465367055
19908079
465381658
465381657
26699202
215446977
36675277
453989327
453989326
126012207
218948504
218948503
463886953
463886955
463886954
455449062
455449061
37625473

454215276
454215274
15915825
454238786
454238788
454238789
450724839
352905364
458264621
632315309
632315310
164974773
632315307
632315308
464936535
332695584
274693150
465381659
19908068
41551807
465381271
465381269
465380605
465380604
453989316
36675287
366701672
561726591
561726592
561733176
561733177
329989915
26442468

26442468

664145565

664145565
41551807
41551810
465367055
465368631
19908079
465414952
465381658
465381657
465381658
465381657
465381658
465381657
26699202
215446977
36675277
453989327
453989326
36675279
126012207
126012206
360141652
218948504
360141651
218948503
463886953
463886952
329065112
360141653
463886955
463886954
165265059
455449062
455449061
37625473

454215276
454215274
15915825
454238786
454238788
454238789
450724839
352905364
458264621
632315309
632315310
164974773
632315307
632315308
464936535
332695584
453989324
332695584
274693150
465381659
19908068
41551807
465381271
465381269
465380605
465380604
453989316
36675287
366701672
561726591
561726592
561733176
561733177
329989915
26442468

26442468

664145565
41551807
41551810
465367055
19908079
465414952
19908079
465414952
465381658
465381657
465381658
465381657
26699202
215446977
36675277
453989327
453989326
36675279
126012207
126012206
360141652
218948504
360141651
218948503
19903935
19938439
463886952
360141653
463886955
463886954
455449062
455449061
37625473

454215276
454215274
15915825
454238786
454238788
454238789
450724839
352905364
632315310
164974773
632315308
332695584
274693150
465381659
19908068
41551807
465381271
465381269
465380605
465380604
453989316
36675287
366701672
561726592
561733176
561733177
329989915
26442468

664145565
41551807
41551810
465367055
19908079
465414952
465381658
465381657
26699202
215446977
36675277
453989327
453989326
36675279
126012207
126012206
218948504
218948503
463886953
360141653
463886955
463886954
455449062
455449061
37625473

454215276
454215274
15915825
454238786
454238788
454238789
450724839
352905364
458264621
632315310
164974773
632315307
632315308
464936535
332695584
274693150
465381659
19908068
41551807
465381271
465381269
465380605
465380604
453989316
36675287
366701672
561726591
561726592
561733176
561733177
329989915
26442468

664145565
41551807
41551810
465367055
19908079
465414952
465381658
465381657
26699202
215446977
36675277
215446977
36675277
453989327
453989326
36675279
126012207
126012206
360141652
218948504
360141651
218948503
19903935
463886953
463886952
360141653
463886955
463886954
455449062
455449061
37625473

454215276
454215274
15915825
454238786
454238788
454238789
450724839
352905364
458264621
632315309
632315310
164974773
632315307
632315308
464936535
332695584
274693150
465381659
19908068
41551807
465381271
465381269
465380605
465380604
453989316
36675287
366701672
561726591
561726592
561733176
561733177
329989915
26442468

664145565
41551807
41551810
465367055
19908079
465414952
465381658
465381657
26699202
215446977
36675277
453989327
453989326
36675279
126012207
126012206
360141652
218948504
360141651
218948503
19903935
463886953
463886952
360141653
463886955
463886954
455449062
455449061
37625473

454215276
454215274
15915825
454238786
454238788
454238789
450724839
352905364
632315310
164974773
632315308
332695584
274693150
465381659
19908068
41551807
465381271
465381269
465380605
465380604
453989316
36675287
366701672
561726592
561733176
561733177
329989915
26442468

664145565
41551807
41551810
465367055
19908079
465414952
465381658
465381657
26699202
215446977
36675277
453989327
453989326
36675279
126012207
126012206
218948504
218948503
463886953
360141653
463886955
463886954
455449062
455449061
37625473

