"1",45.50917435,-73.56130219,0
"2",45.50926208,-73.56122589,0
"3",45.50932312,-73.56115723,454215274
"4",45.50938797,-73.5610733,454215274
"5",45.50947189,-73.56099701,454215274
"6",45.50954819,-73.56092072,454215274
"7",45.50962448,-73.56085968,454215274
"8",45.50969315,-73.56079102,454215274
"9",45.50976181,-73.56073761,454215274
"10",45.50984573,-73.56065369,454215274
"11",45.50994492,-73.56057739,454215274
"12",45.51003265,-73.5605011,454215274
"13",45.51011276,-73.56044006,15915825
"14",45.51018524,-73.5603714,15915825
"15",45.51025772,-73.56031036,15915825
"16",45.51033401,-73.56024933,15915825
"17",45.51041031,-73.56021118,15915825
"18",45.51047516,-73.56016541,15915825
"19",45.51052475,-73.56013489,15915825
"20",45.51057053,-73.56009674,15915825
"21",45.51063156,-73.56002045,15915825
"22",45.51070404,-73.55995941,15915825
"23",45.51077271,-73.55987549,15915825
"24",45.51083374,-73.55980682,454238786
"25",45.51089859,-73.55975342,454238786
"26",45.510952,-73.55970001,454238786
"27",45.51099014,-73.55967712,454238786
"28",45.51102448,-73.55964661,454238786
"29",45.51104736,-73.55961609,454238786
"30",45.51108551,-73.55957031,454238786
"31",45.5111084,-73.55954742,454238786
"32",45.51111984,-73.55951691,454238786
"33",45.51112747,-73.55949402,458245870
"34",45.51112366,-73.55947113,19908072
"35",45.51111984,-73.55943298,454238788
"36",45.51110077,-73.55940247,454238788
"37",45.51108551,-73.55936432,454238788
"38",45.51107025,-73.55932617,454238788
"39",45.51105499,-73.55928802,454238788
"40",45.51103973,-73.55924225,454238788
"41",45.51102448,-73.55919647,454238788
"42",45.51100922,-73.5591507,454238788
"43",45.51099396,-73.55909729,454238788
"44",45.51098251,-73.55904388,454238788
"45",45.51096344,-73.55899048,454238788
"46",45.51094437,-73.55893707,454238788
"47",45.51092148,-73.5588913,454238788
"48",45.51089859,-73.55883789,454238788
"49",45.51087952,-73.55878448,454238788
"50",45.51085663,-73.55873108,454238788
"51",45.51083374,-73.55867767,454238788
"52",45.51081467,-73.55862427,454238788
"53",45.51079178,-73.55857849,454238788
"54",45.51076508,-73.55852509,454238788
"55",45.510746,-73.55847931,454238788
"56",45.51072693,-73.55844116,454238788
"57",45.51071167,-73.55840302,454238788
"58",45.51070404,-73.55836487,454238788
"59",45.51069641,-73.55834198,454238788
"60",45.51068878,-73.55831909,454238788
"61",45.51068115,-73.55828094,454238788
"62",45.51067352,-73.5582428,454238788
"63",45.51066971,-73.55821991,454238788
"64",45.51066589,-73.55820465,454238789
"65",45.51066208,-73.55818939,454238788
"66",45.51065063,-73.55815887,454238789
"67",45.51063538,-73.5581131,454238789
"68",45.51060486,-73.55801392,454238789
"69",45.51056671,-73.55794525,454238789
"70",45.51052475,-73.55786896,454238789
"71",45.51048279,-73.55778503,454238789
"72",45.51045609,-73.55769348,454238789
"73",45.51041031,-73.55760956,454238789
"74",45.51037598,-73.55752563,454238789
"75",45.51034927,-73.55744934,454238789
"76",45.51031876,-73.55738831,454238789
"77",45.51029587,-73.5573349,454238789
"78",45.51028061,-73.55730438,454238789
"79",45.51027298,-73.55728912,454238789
"80",45.51026154,-73.55728912,454238789
"81",45.51026154,-73.55729675,454238789
"82",45.51025772,-73.55729675,454238789
"83",45.51025391,-73.55731201,454238789
"84",45.51025391,-73.55731201,454238789
"85",45.51025009,-73.55731964,454238789
"86",45.51025009,-73.55731964,454238789
"87",45.51024246,-73.55731201,454238789
"88",45.51023102,-73.55730438,450724839
"89",45.51021576,-73.55728912,454238789
"90",45.51019669,-73.55725861,450724839
"91",45.51018906,-73.55724335,454238789
"92",45.51018906,-73.55723572,450724839
"93",45.51018524,-73.55724335,450724839
"94",45.51018524,-73.55725098,450724839
"95",45.51018143,-73.55725861,450724839
"96",45.51017761,-73.55725861,450724839
"97",45.5101738,-73.55725861,450724839
"98",45.51016998,-73.55725098,450724839
"99",45.51016617,-73.55724335,450724839
"100",45.51016235,-73.55723572,450724839
"101",45.51016235,-73.55722809,450724839
"102",45.51015854,-73.55722809,450724839
"103",45.51015854,-73.55722809,450724839
"104",45.51016235,-73.55723572,450724839
"105",45.51016235,-73.55723572,450724839
"106",45.51016617,-73.55723572,450724839
"107",45.51016235,-73.55723572,454238789
"108",45.51015854,-73.55722809,454238789
"109",45.51015091,-73.55721283,454238789
"110",45.51014328,-73.55719757,454238789
"111",45.51013947,-73.55718994,454238789
"112",45.51013565,-73.55717468,454238789
"113",45.51013184,-73.55716705,454238789
"114",45.51012421,-73.55714417,454238789
"115",45.51010895,-73.55712128,450724839
"116",45.51009369,-73.55709076,454238789
"117",45.51006699,-73.55706024,454238789
"118",45.51002884,-73.55704498,450724839
"119",45.50997925,-73.55704498,454238789
"120",45.50990295,-73.55712891,450724839
"121",45.50985336,-73.55715942,454238789
"122",45.50980759,-73.55718994,450724839
"123",45.50977325,-73.55722046,450724839
"124",45.50975418,-73.55722809,450724839
"125",45.50973511,-73.55723572,450724839
"126",45.50972748,-73.55722809,450724839
"127",45.50971985,-73.55722046,450724839
"128",45.50971603,-73.55721283,450724839
"129",45.50971603,-73.5572052,450724839
"130",45.50971222,-73.55719757,450724839
"131",45.50970459,-73.55718994,450724839
"132",45.50970078,-73.55718231,450724839
"133",45.50969696,-73.55717468,450724839
"134",45.50969315,-73.55716705,450724839
"135",45.50968933,-73.55716705,450724839
"136",45.50968933,-73.55717468,450724839
"137",45.50968552,-73.55718994,450724839
"138",45.5096817,-73.55718994,450724839
"139",45.5096817,-73.55718994,450724839
"140",45.5096817,-73.55718994,450724839
"141",45.5096817,-73.55718994,450724839
"142",45.5096817,-73.55718994,450724839
"143",45.5096817,-73.55718994,450724839
"144",45.5096817,-73.55718994,450724839
"145",45.5096817,-73.55718994,450724839
"146",45.5096817,-73.55718994,450724839
"147",45.5096817,-73.55718994,450724839
"148",45.5096817,-73.55718994,450724839
"149",45.5096817,-73.55718994,450724839
"150",45.5096817,-73.55718994,450724839
"151",45.50967789,-73.55719757,450724839
"152",45.509655,-73.55721283,450724839
"153",45.50961304,-73.55725098,450724839
"154",45.50955582,-73.55728912,450724839
"155",45.50948334,-73.55731964,352905363
"156",45.50941849,-73.55735779,352905363
"157",45.50935745,-73.55738831,352905364
"158",45.50929642,-73.55742645,352905364
"159",45.50921631,-73.55747223,352905364
"160",45.50914383,-73.55751801,34287015
"161",45.50907135,-73.55755615,352905364
"162",45.50899124,-73.55760956,34287015
"163",45.50891495,-73.55765533,352905364
"164",45.50883865,-73.55770111,34287015
"165",45.50876617,-73.55774689,352905364
"166",45.50870132,-73.55779266,34287015
"167",45.50863647,-73.55783844,352905364
"168",45.50857544,-73.55788422,352905364
"169",45.5085144,-73.55792236,188982947
"170",45.50844574,-73.55796814,352905364
"171",45.50836945,-73.55801392,352905364
"172",45.50828552,-73.55807495,188982947
"173",45.5082016,-73.55813599,352905364
"174",45.50812531,-73.55820465,352905364
"175",45.5080452,-73.55827332,320900388
"176",45.50796127,-73.55834961,352905364
"177",45.50787354,-73.55843353,320900388
"178",45.50779724,-73.55851746,352905364
"179",45.50773239,-73.55857849,352905364
"180",45.5076828,-73.5586319,352905364
"181",45.50764084,-73.55867767,352905364
"182",45.50761032,-73.55870056,352905364
"183",45.50759125,-73.55872345,352905364
"184",45.50758362,-73.55874634,352905364
"185",45.5075798,-73.55879211,458264621
"186",45.50758362,-73.55883789,352905364
"187",45.50760651,-73.55891418,632315310
"188",45.50764847,-73.55899811,632315309
"189",45.50768661,-73.55908203,632315310
"190",45.50772858,-73.55916595,632315310
"191",45.50775528,-73.55922699,632315310
"192",45.5077858,-73.55929565,632315310
"193",45.50780869,-73.55935669,632315310
"194",45.5078392,-73.55941772,632315310
"195",45.50788116,-73.55948639,632315310
"196",45.50791168,-73.55955505,632315312
"197",45.50795364,-73.55965424,632315310
"198",45.50799942,-73.55975342,19893611
"199",45.50804138,-73.55984497,19893611
"200",45.50807571,-73.55992889,632315310
"201",45.50811005,-73.56002045,164974773
"202",45.50814056,-73.56008148,632315312
"203",45.50816345,-73.56012726,164974773
"204",45.50818253,-73.56017303,19893611
"205",45.5082016,-73.56021118,164974773
"206",45.50821686,-73.5602417,19893611
"207",45.50823593,-73.5602951,164974773
"208",45.50825882,-73.56033325,164974773
"209",45.50827789,-73.5603714,164974773
"210",45.50829697,-73.56041718,164974773
"211",45.50831604,-73.56046295,164974773
"212",45.50833893,-73.56051636,164974773
"213",45.50836563,-73.56057739,164974773
"214",45.50839615,-73.56063843,164974773
"215",45.50842285,-73.56069946,164974773
"216",45.50844574,-73.56075287,164974773
"217",45.50847626,-73.56082916,164974773
"218",45.50849915,-73.56089783,164974773
"219",45.50852203,-73.56096649,164974773
"220",45.50853729,-73.56100464,164974773
"221",45.50854492,-73.5610199,733522443
"222",45.50855255,-73.56103516,164974773
"223",45.50855255,-73.56104279,164974773
"224",45.50854874,-73.56103516,164974773
"225",45.50854492,-73.56103516,164974773
"226",45.50854111,-73.56103516,164974773
"227",45.50853729,-73.56104279,164974773
"228",45.50853348,-73.56103516,164974773
"229",45.50852966,-73.56103516,164974773
"230",45.50852585,-73.56103516,164974773
"231",45.50852585,-73.56102753,164974773
"232",45.50852966,-73.56103516,164974773
"233",45.50852966,-73.56103516,164974773
"234",45.50852966,-73.56103516,164974773
"235",45.50852966,-73.56103516,164974773
"236",45.50852966,-73.56103516,164974773
"237",45.50852966,-73.56103516,164974773
"238",45.50852966,-73.56103516,164974773
"239",45.50852966,-73.56103516,164974773
"240",45.50852966,-73.56103516,164974773
"241",45.50852966,-73.56103516,164974773
"242",45.50853348,-73.56105804,164974773
"243",45.50855255,-73.56108856,164974773
"244",45.50857162,-73.56112671,164974773
"245",45.5085907,-73.56116486,164974773
"246",45.50860977,-73.56119537,164974773
"247",45.50862503,-73.56122589,164974773
"248",45.50864792,-73.56126404,164974773
"249",45.50868225,-73.5613327,164974773
"250",45.50871658,-73.56140137,632315308
"251",45.50875092,-73.56148529,632315307
"252",45.50878906,-73.56155396,632315308
"253",45.50882339,-73.56163788,632315308
"254",45.50886536,-73.56170654,464936534
"255",45.50889969,-73.56178284,464936534
"256",45.50893784,-73.56185913,454215277
"257",45.50897598,-73.56193542,454215277
"258",45.50901031,-73.56200409,332695584
"259",45.50905228,-73.56208801,332695584
"260",45.5091095,-73.56217194,332695584
"261",45.50915527,-73.56227112,45560666
"262",45.50919724,-73.56236267,332695584
"263",45.50924301,-73.56245422,45560662
"264",45.50928879,-73.56256866,332695584
"265",45.50933075,-73.56266785,332695584
"266",45.50937271,-73.56276703,45560662
"267",45.50941086,-73.56286621,332695584
"268",45.50945663,-73.56295776,332695584
"269",45.5094986,-73.56304169,332695584
"270",45.50953674,-73.56313324,332695584
"271",45.50958633,-73.56321716,332695584
"272",45.50962448,-73.56329346,332695584
"273",45.50965118,-73.56336212,332695584
"274",45.50967789,-73.56342316,332695584
"275",45.50970078,-73.56348419,332695584
"276",45.50971603,-73.56352997,332695584
"277",45.50972748,-73.56356812,332695584
"278",45.50973892,-73.56359863,332695584
"279",45.50974655,-73.56361389,332695584
"280",45.50974655,-73.56362152,332695584
"281",45.50974655,-73.56362152,332695584
"282",45.50974655,-73.56362152,332695584
"283",45.50974274,-73.56362152,332695584
"284",45.50973892,-73.56362915,332695584
"285",45.50973892,-73.56362915,332695584
"286",45.50973892,-73.56362915,332695584
"287",45.50974274,-73.56362915,332695584
"288",45.50973892,-73.56363678,332695584
"289",45.50974274,-73.56363678,332695584
"290",45.50975037,-73.56365967,332695584
"291",45.50976563,-73.56370544,332695584
"292",45.50979233,-73.56376648,332695584
"293",45.50982285,-73.56382751,453989324
"294",45.50985336,-73.56389618,453989324
"295",45.5098877,-73.56396484,453989324
"296",45.50992203,-73.56404877,332695584
"297",45.50996399,-73.56413269,332695584
"298",45.51000595,-73.56422424,332695584
"299",45.51005173,-73.56430817,332695584
"300",45.51008606,-73.56438446,332695584
"301",45.51012039,-73.56446075,332695584
"302",45.51015472,-73.56452942,332695584
"303",45.51019287,-73.56459808,332695584
"304",45.5102272,-73.56467438,332695584
"305",45.51026154,-73.56474304,332695584
"306",45.51029205,-73.56481171,332695584
"307",45.5103302,-73.56486511,332695584
"308",45.51036072,-73.56491852,332695584
"309",45.51037979,-73.56496429,332695584
"310",45.51039124,-73.56498718,332695584
"311",45.51040649,-73.56501007,332695584
"312",45.51041031,-73.56502533,332695584
"313",45.51041412,-73.56503296,332695584
"314",45.51041031,-73.56503296,332695584
"315",45.51041031,-73.56503296,332695584
"316",45.51041031,-73.56503296,332695584
"317",45.51041031,-73.56503296,332695584
"318",45.51041031,-73.56503296,332695584
"319",45.51041031,-73.56503296,332695584
"320",45.51041031,-73.56503296,332695584
"321",45.51041412,-73.56503296,332695584
"322",45.51041412,-73.56503296,332695584
"323",45.51041412,-73.56503296,332695584
"324",45.51041412,-73.56503296,332695584
"325",45.51041412,-73.56503296,332695584
"326",45.51041412,-73.56503296,332695584
"327",45.51041412,-73.56504059,332695584
"328",45.51041794,-73.56504059,332695584
"329",45.51042557,-73.56505585,332695584
"330",45.51044083,-73.56508636,332695584
"331",45.5104599,-73.56513214,332695584
"332",45.51049805,-73.56521606,332695584
"333",45.51052856,-73.56529999,332695584
"334",45.51057816,-73.56538391,332695584
"335",45.51063156,-73.56547546,332695584
"336",45.51068497,-73.56557465,332695584
"337",45.51073837,-73.56568146,332695584
"338",45.51079178,-73.56578827,165334553
"339",45.51084137,-73.56588745,332695584
"340",45.51089859,-73.56600189,165334553
"341",45.510952,-73.56610107,332695584
"342",45.51100159,-73.56620789,165334553
"343",45.51105118,-73.5663147,332695584
"344",45.51109314,-73.56640625,165334553
"345",45.51113892,-73.5664978,165334553
"346",45.51118088,-73.56658173,165334553
"347",45.5112114,-73.56668091,165334553
"348",45.5112648,-73.56677246,165334551
"349",45.51132202,-73.56687164,274693150
"350",45.51137543,-73.56699371,165334551
"351",45.51143265,-73.56713104,274693150
"352",45.51149368,-73.56726837,141607352
"353",45.51155472,-73.56739807,274693150
"354",45.51161575,-73.56752777,141607352
"355",45.51167297,-73.56764221,274693150
"356",45.51172638,-73.56777191,141607352
"357",45.5117836,-73.56788635,274693150
"358",45.51184082,-73.56800842,141607352
"359",45.51189423,-73.56811523,141607352
"360",45.51194,-73.56822205,141607352
"361",45.51198578,-73.56832123,141607352
"362",45.51203537,-73.56842804,141607352
"363",45.51208115,-73.56851959,141607352
"364",45.51212692,-73.56861115,141607352
"365",45.51217651,-73.56871033,141607352
"366",45.51221848,-73.56880188,141607352
"367",45.51226044,-73.56889343,141607352
"368",45.51229477,-73.56895447,141607352
"369",45.51232529,-73.5690155,141607352
"370",45.51235199,-73.56906128,141607352
"371",45.51237106,-73.56910706,141607352
"372",45.51238632,-73.56912994,141607352
"373",45.51240158,-73.56915283,141607352
"374",45.5124054,-73.56916809,141607352
"375",45.51240921,-73.56917572,141607352
"376",45.51240921,-73.56917572,141607352
"377",45.51240921,-73.56917572,141607352
"378",45.51240921,-73.56917572,141607352
"379",45.51241302,-73.56917572,141607352
"380",45.51241302,-73.56917572,141607352
"381",45.51241302,-73.56917572,141607352
"382",45.51241302,-73.56918335,141607352
"383",45.51241302,-73.56918335,141607352
"384",45.51241302,-73.56918335,141607352
"385",45.51241302,-73.56918335,141607352
"386",45.51241302,-73.56918335,141607352
"387",45.51241302,-73.56918335,141607352
"388",45.51241302,-73.56918335,141607352
"389",45.51241302,-73.56918335,141607352
"390",45.51241302,-73.56918335,141607352
"391",45.51241302,-73.56918335,141607352
"392",45.51241302,-73.56918335,141607352
"393",45.51241302,-73.56918335,141607352
"394",45.51241302,-73.56918335,141607352
"395",45.51240921,-73.56917572,141607352
"396",45.51241684,-73.56919098,274693150
"397",45.5124321,-73.56922913,143176350
"398",45.51246643,-73.56928253,274693150
"399",45.51248932,-73.56933594,465381659
"400",45.51251984,-73.56937408,274693150
"401",45.51255035,-73.5694046,465381659
"402",45.5125885,-73.56941986,274693150
"403",45.51265335,-73.56935883,465381659
"404",45.51271057,-73.56933594,465381659
"405",45.51276779,-73.56930542,465381659
"406",45.5128212,-73.56928253,465381659
"407",45.51286697,-73.56925964,465381659
"408",45.51290512,-73.56924438,465381659
"409",45.51292801,-73.5692215,465381659
"410",45.51294327,-73.56920624,465381659
"411",45.51296234,-73.56917572,465381659
"412",45.51296997,-73.56913757,465414953
"413",45.51296234,-73.5690918,27544889
"414",45.5129509,-73.56904602,19908068
"415",45.51292801,-73.56898499,19908068
"416",45.51291656,-73.56893158,19908068
"417",45.51290131,-73.5688858,19908068
"418",45.51288223,-73.5688324,19908068
"419",45.51285553,-73.56878662,19908068
"420",45.51282883,-73.56874084,19908068
"421",45.51279831,-73.5687027,19908068
"422",45.51277161,-73.56867981,19908068
"423",45.51274872,-73.56865692,19908068
"424",45.51272583,-73.56864166,141607352
"425",45.51269913,-73.56861115,141607352
"426",45.51266479,-73.56856537,141607352
"427",45.51259995,-73.56848907,19908068
"428",45.51256943,-73.56842804,141607352
"429",45.51254272,-73.56835938,141607352
"430",45.51252365,-73.56829071,141607352
"431",45.51248932,-73.56824493,19908068
"432",45.51247406,-73.56817627,19908068
"433",45.51246262,-73.56813049,19908068
"434",45.51245499,-73.56808472,19908068
"435",45.51244354,-73.56806183,19908068
"436",45.51242065,-73.56800842,19908068
"437",45.51239777,-73.56794739,19908068
"438",45.51237488,-73.56790161,19908068
"439",45.51235199,-73.56783295,19908068
"440",45.5123291,-73.56777191,19908068
"441",45.51230621,-73.56771851,19908068
"442",45.51227951,-73.56765747,19908068
"443",45.51225281,-73.56761932,19908068
"444",45.51222992,-73.56757355,19908068
"445",45.51221466,-73.5675354,19908068
"446",45.5121994,-73.56750488,19908068
"447",45.51218414,-73.56747437,19908068
"448",45.51217651,-73.56743622,19908068
"449",45.51216125,-73.56739807,19908068
"450",45.51215744,-73.56736755,19908068
"451",45.512146,-73.56733704,19908068
"452",45.51213837,-73.56732178,19908068
"453",45.51212311,-73.56729126,19908068
"454",45.51211166,-73.56725311,19908068
"455",45.51209641,-73.5672226,19908068
"456",45.51208115,-73.56716156,19908068
"457",45.51205063,-73.56710052,19908068
"458",45.5120163,-73.56703186,19908068
"459",45.51198196,-73.56697083,19908068
"460",45.51195145,-73.56690979,19908068
"461",45.51192856,-73.56685638,19908068
"462",45.51190567,-73.56681061,19908068
"463",45.51192093,-73.56682587,41551804
"464",45.51192474,-73.56682587,41551804
"465",45.51192474,-73.56682587,41551804
"466",45.51192856,-73.56682587,41551804
"467",45.51192856,-73.56682587,41551804
"468",45.51192474,-73.56681824,41551804
"469",45.51192474,-73.56681061,19908068
"470",45.51192093,-73.56680298,19908068
"471",45.5119133,-73.56678772,19908068
"472",45.51190186,-73.56676483,19908068
"473",45.51189423,-73.56674194,19908068
"474",45.51189423,-73.56671143,19908068
"475",45.51189423,-73.56666565,19908068
"476",45.5119133,-73.5666275,165334551
"477",45.51195908,-73.56658173,41551807
"478",45.5120163,-73.56653595,41551807
"479",45.51208496,-73.56650543,41551807
"480",45.51214981,-73.56648254,41551807
"481",45.51221466,-73.56646729,41551807
"482",45.5122757,-73.5664444,41551807
"483",45.51233673,-73.56642914,41551807
"484",45.51239777,-73.56640625,41551807
"485",45.51245499,-73.56638336,41551807
"486",45.51251221,-73.56636047,41551807
"487",45.51257324,-73.56633759,41551807
"488",45.51263428,-73.5663147,41551807
"489",45.51268768,-73.56630707,41551807
"490",45.51274109,-73.56628418,41551807
"491",45.51279449,-73.56626129,41551807
"492",45.5128479,-73.56624603,41551807
"493",45.51289749,-73.56622314,41551807
"494",45.5129509,-73.56620789,41551807
"495",45.5130043,-73.56619263,41551807
"496",45.51306534,-73.56616974,41551807
"497",45.51312637,-73.56614685,41551807
"498",45.51319504,-73.56613159,41551807
"499",45.51325989,-73.5661087,41551807
"500",45.51332855,-73.56609344,41551807
"501",45.51340485,-73.56606293,41551807
"502",45.51348114,-73.56603241,465381271
"503",45.51356125,-73.56600189,465381271
"504",45.51363754,-73.56598663,465381271
"505",45.51371765,-73.56595612,465381271
"506",45.51379013,-73.56593323,465381271
"507",45.5138588,-73.56591034,465381271
"508",45.51393127,-73.56589508,465381271
"509",45.51400375,-73.56587219,465381271
"510",45.51407242,-73.56584167,465381271
"511",45.51414108,-73.56582642,465381271
"512",45.51421356,-73.56580353,465381271
"513",45.51428604,-73.56578064,465381271
"514",45.51435852,-73.56576538,465381271
"515",45.51442337,-73.56574249,465381271
"516",45.51449203,-73.56572723,465381271
"517",45.51456451,-73.56569672,465381271
"518",45.51462173,-73.56564331,465381271
"519",45.51472473,-73.56562805,465381271
"520",45.51480484,-73.56560516,465381269
"521",45.51488876,-73.56559753,465381269
"522",45.5149765,-73.56556702,465381269
"523",45.51504517,-73.56554413,465381269
"524",45.5151062,-73.56552124,465381269
"525",45.51516724,-73.56549835,465381269
"526",45.51522064,-73.56547546,465381269
"527",45.51528168,-73.56546021,465381269
"528",45.51535416,-73.56543732,465381269
"529",45.51540375,-73.56542206,465381269
"530",45.5154686,-73.56539917,465381269
"531",45.51551437,-73.56538391,465380605
"532",45.51556396,-73.56537628,465380605
"533",45.51561737,-73.56536865,465380605
"534",45.51568222,-73.56536102,465380605
"535",45.51574326,-73.56536865,465380605
"536",45.51578903,-73.56535339,465380605
"537",45.51580048,-73.56529236,465380605
"538",45.51581192,-73.56529236,465380605
"539",45.51582718,-73.5652771,465380605
"540",45.51581192,-73.56526947,465380605
"541",45.51580811,-73.56526184,465380605
"542",45.51580048,-73.56526184,465380605
"543",45.51579285,-73.56526184,465380605
"544",45.51578903,-73.56526184,465380605
"545",45.51578522,-73.56526184,465380605
"546",45.5157814,-73.56525421,465380605
"547",45.51577759,-73.56524658,465380605
"548",45.5157814,-73.56525421,465380605
"549",45.51578522,-73.56525421,465380605
"550",45.51578903,-73.56525421,465380605
"551",45.51578903,-73.56525421,465380605
"552",45.51578903,-73.56525421,465380605
"553",45.51578903,-73.56525421,465380605
"554",45.51578903,-73.56525421,465380605
"555",45.51578903,-73.56525421,465380605
"556",45.51579666,-73.56525421,465380605
"557",45.51580429,-73.56523895,465380605
"558",45.51585388,-73.56521606,465380604
"559",45.51591492,-73.56521606,465380604
"560",45.51597595,-73.56520081,465380604
"561",45.51604843,-73.56518555,465380604
"562",45.5161171,-73.56516266,465380604
"563",45.51618958,-73.56513214,465380604
"564",45.51625443,-73.56510925,465380604
"565",45.51630783,-73.56509399,465380604
"566",45.5163765,-73.56507874,465380604
"567",45.51645279,-73.56505585,465380604
"568",45.51651764,-73.56503296,465380604
"569",45.51659775,-73.5650177,465380604
"570",45.51668167,-73.56499481,465380604
"571",45.51675415,-73.56496429,465380604
"572",45.51682663,-73.56494141,465380604
"573",45.51687622,-73.56491089,465380604
"574",45.51691437,-73.56488037,465380604
"575",45.51694107,-73.56482697,453989316
"576",45.51695633,-73.5647583,127790962
"577",45.51693726,-73.56468964,36675287
"578",45.51691055,-73.56461334,36675287
"579",45.51685715,-73.56449127,36675287
"580",45.51680374,-73.5643692,741889016
"581",45.51674271,-73.5642395,741889016
"582",45.51668549,-73.56410217,741889016
"583",45.51662445,-73.56396484,741889016
"584",45.51656342,-73.56381989,741889016
"585",45.51651001,-73.56369019,366701672
"586",45.51644516,-73.56354523,366701672
"587",45.51638794,-73.5634079,561726592
"588",45.5163269,-73.5632782,561726590
"589",45.5162735,-73.56312561,561726590
"590",45.51621246,-73.56297302,561726590
"591",45.5161438,-73.56281281,561726589
"592",45.51607895,-73.56266785,561726589
"593",45.5160141,-73.56252289,561733176
"594",45.51594162,-73.56238556,561733176
"595",45.51587296,-73.5622406,741889015
"596",45.51580811,-73.56210327,741889015
"597",45.51573944,-73.5619812,741889015
"598",45.51567459,-73.56186676,741889015
"599",45.51560974,-73.56175232,741889015
"600",45.51554871,-73.56163788,741889015
"601",45.51548767,-73.5615387,741889015
"602",45.51544189,-73.56143951,741889015
"603",45.51539612,-73.56135559,741889015
"604",45.51535797,-73.56128693,561733177
"605",45.51532745,-73.56123352,561733177
"606",45.51529312,-73.56121826,561733177
"607",45.51524353,-73.56121826,561733177
"608",45.51519394,-73.56124115,561733177
"609",45.51512527,-73.56131744,371185038
"610",45.5150528,-73.56138611,371185038
"611",45.51498795,-73.56144714,371185038
"612",45.51492691,-73.56150055,371185038
"613",45.51486588,-73.56155396,371185038
"614",45.51481628,-73.56159973,371185038
"615",45.51477432,-73.56163788,371185038
"616",45.51472473,-73.56167603,371185038
"617",45.51467896,-73.5617218,329989915
"618",45.51461792,-73.56177521,26134691
"619",45.51454926,-73.56183624,329989915
"620",45.51448059,-73.56191254,329989915
"621",45.51440811,-73.5619812,329989915
"622",45.51433182,-73.56204224,329989915
"623",45.51425171,-73.56210327,329989915
"624",45.51417542,-73.56216431,329989915
"625",45.51410294,-73.56223297,26442468
"626",45.51402664,-73.56229401,329989915
"627",45.51395416,-73.56234741,26442468
"628",45.5138855,-73.56240082,329989915
"629",45.51382065,-73.56245422,26442468
"630",45.5137558,-73.5625,329989915
"631",45.51369858,-73.56255341,26442468
"632",45.51366043,-73.56260681,329989915
"633",45.51362991,-73.56266022,26442468
"634",45.51359558,-73.56269073,329989915
"635",45.51358032,-73.56269836,26442468
"636",45.51357269,-73.56269836,329989915
"637",45.51357651,-73.56270599,19908076
"638",45.51357651,-73.56270599,329989915
"639",45.51358032,-73.56271362,19908076
"640",45.51358032,-73.56271362,329989915
"641",45.51358032,-73.56272125,19908076
"642",45.51358032,-73.56272125,329989915
"643",45.51357651,-73.56272125,19908076
"644",45.51356888,-73.56272125,329989915
"645",45.51356506,-73.56271362,19908076
"646",45.51356506,-73.56269836,19908076
"647",45.51355743,-73.56269836,19908076
"648",45.51355743,-73.56269836,19908076
"649",45.51356125,-73.56270599,19908076
"650",45.51356125,-73.56271362,329989915
"651",45.5135498,-73.56272888,26442468
"652",45.51353455,-73.56274414,19908076
"653",45.51352692,-73.56278229,329989915
"654",45.51350784,-73.56281281,26442468
"655",45.5134964,-73.56286621,329989915
"656",45.51351929,-73.56295013,26442468
"657",45.5135498,-73.5630188,329989915
"658",45.51358414,-73.56309509,329989915
"659",45.5136261,-73.56317902,329989915
"660",45.51366425,-73.56326294,329989915
"661",45.51370239,-73.56335449,329989915
"662",45.51374435,-73.56344604,329989915
"663",45.51377869,-73.56352997,329989915
"664",45.51381302,-73.56361389,329989915
"665",45.51384735,-73.56368256,329989915
"666",45.51387405,-73.56375885,329989915
"667",45.51390839,-73.56382751,329989915
"668",45.5139389,-73.56389618,329989915
"669",45.51397324,-73.56396484,329989915
"670",45.51400757,-73.56402588,329989915
"671",45.51403046,-73.56407166,329989915
"672",45.51404572,-73.56410217,329989915
"673",45.51405334,-73.56412506,329989915
"674",45.51405716,-73.56414795,329989915
"675",45.51405716,-73.56415558,329989915
"676",45.51406097,-73.56417084,329989915
"677",45.51404953,-73.5641861,41551739
"678",45.51403046,-73.56420898,19909866
"679",45.51400375,-73.56420898,19909866
"680",45.51398468,-73.56423187,19909866
"681",45.51397324,-73.56424713,19909866
"682",45.51396561,-73.56425476,19909866
"683",45.51396179,-73.56425476,19909866
"684",45.51395798,-73.56426239,19909866
"685",45.51394653,-73.56427002,19909866
"686",45.51392746,-73.56429291,19909866
"687",45.51389313,-73.56432343,19909866
"688",45.51383972,-73.56436157,19909866
"689",45.51380539,-73.56438446,19909866
"690",45.51377487,-73.56439209,19909866
"691",45.51375198,-73.56439209,41551813
"692",45.51373672,-73.56436157,19909866
"693",45.51372147,-73.56430817,19909866
"694",45.51370239,-73.56425476,19909866
"695",45.5136795,-73.5641861,19909866
"696",45.51366043,-73.56413269,41551813
"697",45.51364136,-73.56407928,41551813
"698",45.51361847,-73.56404877,41551813
"699",45.51359558,-73.56403351,41551813
"700",45.51357651,-73.56402588,41551813
"701",45.5135498,-73.56402588,41551813
"702",45.5135231,-73.56402588,41551813
"703",45.51348495,-73.56404877,41551813
"704",45.51345444,-73.56407928,41551813
"705",45.51343155,-73.5641098,41551813
"706",45.5134201,-73.56414795,41551813
"707",45.5134201,-73.56420135,19909866
"708",45.51343155,-73.56425476,19909866
"709",45.51345825,-73.56432343,41551813
"710",45.51348877,-73.56438446,19909866
"711",45.51351547,-73.56443787,19909866
"712",45.51353073,-73.56447601,41551813
"713",45.51353836,-73.56451416,19909866
"714",45.51354599,-73.56454468,19909866
"715",45.51354599,-73.56459808,41551813
"716",45.51353073,-73.56464386,19909866
"717",45.51350021,-73.56468964,19909866
"718",45.5134697,-73.56472015,19909866
"719",45.51343536,-73.56474304,19909866
"720",45.51340485,-73.56477356,41551826
"721",45.51335907,-73.56480408,41551826
"722",45.51330566,-73.56484222,41551813
"723",45.51324463,-73.564888,41551826
"724",45.51318359,-73.56492615,41551826
"725",45.51313019,-73.56496429,41551826
"726",45.51308823,-73.56501007,41551826
"727",45.51306915,-73.56504059,41551826
"728",45.51304626,-73.56506348,41551826
"729",45.51306915,-73.56513977,41551826
"730",45.51308441,-73.56521606,664145565
"731",45.51312256,-73.56529236,664145565
"732",45.51314926,-73.56536865,664145565
"733",45.51317215,-73.56543732,664145565
"734",45.51319885,-73.56549835,664145565
"735",45.51322937,-73.56557465,664145565
"736",45.51326752,-73.56565857,664145565
"737",45.51329803,-73.56572723,41551807
"738",45.51332092,-73.56578827,664145565
"739",45.51334,-73.56582642,664145565
"740",45.51335144,-73.5658493,19908073
"741",45.51335907,-73.5658493,664145565
"742",45.51335907,-73.56585693,664145565
"743",45.51336288,-73.56585693,664145565
"744",45.51335907,-73.56585693,664145565
"745",45.51335907,-73.56586456,664145565
"746",45.51335907,-73.56586456,664145565
"747",45.51335907,-73.56587219,664145565
"748",45.51335907,-73.56587219,664145565
"749",45.51335907,-73.56587982,664145565
"750",45.51335907,-73.56587982,664145565
"751",45.51335907,-73.56587982,664145565
"752",45.51335907,-73.56588745,664145565
"753",45.51335907,-73.56588745,664145565
"754",45.51335907,-73.56588745,664145565
"755",45.51335907,-73.56588745,664145565
"756",45.51335907,-73.56588745,664145565
"757",45.51335907,-73.56588745,664145565
"758",45.51335907,-73.56588745,664145565
"759",45.51335907,-73.56588745,664145565
"760",45.51335907,-73.56588745,664145565
"761",45.51335907,-73.56588745,664145565
"762",45.51335907,-73.56588745,664145565
"763",45.51335907,-73.56588745,664145565
"764",45.51335907,-73.56588745,664145565
"765",45.51335907,-73.56588745,664145565
"766",45.51335907,-73.56588745,664145565
"767",45.51335907,-73.56588745,664145565
"768",45.51335907,-73.56588745,664145565
"769",45.51335907,-73.56588745,664145565
"770",45.51335907,-73.56588745,664145565
"771",45.51335907,-73.56588745,664145565
"772",45.51335907,-73.56588745,664145565
"773",45.51335907,-73.56588745,664145565
"774",45.51335907,-73.56588745,664145565
"775",45.51335907,-73.56588745,664145565
"776",45.51335907,-73.56588745,664145565
"777",45.51335907,-73.56588745,664145565
"778",45.51335907,-73.56588745,664145565
"779",45.51335907,-73.56588745,664145565
"780",45.51335907,-73.56588745,664145565
"781",45.51335907,-73.56588745,664145565
"782",45.51337051,-73.56590271,19908073
"783",45.51338196,-73.5659256,664145565
"784",45.5133934,-73.565979,19908073
"785",45.51339722,-73.56603241,664145565
"786",45.5133934,-73.56608582,19908073
"787",45.51337051,-73.56613159,41551743
"788",45.51332474,-73.56616211,664145565
"789",45.51327515,-73.56619263,41551743
"790",45.51321411,-73.56621552,664145565
"791",45.51315689,-73.5662384,41551807
"792",45.51309967,-73.56626129,41551807
"793",45.51304626,-73.56628418,41551810
"794",45.51300049,-73.56630707,41551810
"795",45.51296234,-73.5663147,41551810
"796",45.51293564,-73.56633759,41551810
"797",45.51291275,-73.56635284,41551810
"798",45.51289368,-73.56638336,41551807
"799",45.51288986,-73.56641388,41551810
"800",45.51289749,-73.5664444,41551807
"801",45.51291656,-73.56647491,41551810
"802",45.51292801,-73.56650543,41551807
"803",45.51294708,-73.56655884,41551810
"804",45.51296616,-73.56659698,41551810
"805",45.51298523,-73.5666275,41551810
"806",45.51300049,-73.56666565,41551810
"807",45.51301956,-73.5667038,41551810
"808",45.51303482,-73.56673431,41551810
"809",45.51305008,-73.56676483,41551810
"810",45.51306534,-73.56680298,41551810
"811",45.51308441,-73.56684113,41551810
"812",45.51309967,-73.56687927,41551810
"813",45.51312256,-73.56692505,41551810
"814",45.51314163,-73.56697083,41551810
"815",45.51315689,-73.5670166,41551810
"816",45.51317596,-73.56706238,41551810
"817",45.51319504,-73.56710815,141607352
"818",45.51321411,-73.56715393,41551810
"819",45.51322937,-73.56719971,141607352
"820",45.51324844,-73.56725311,41551810
"821",45.51327515,-73.56730652,141607352
"822",45.51330566,-73.56737518,141607352
"823",45.51333618,-73.56745148,141607352
"824",45.51337433,-73.56750488,141607352
"825",45.51340866,-73.56758118,141607352
"826",45.51342773,-73.56762695,141607352
"827",45.51345062,-73.56768036,141607352
"828",45.51347351,-73.56773376,141607352
"829",45.51350021,-73.56777954,141607352
"830",45.51353836,-73.56784821,141607352
"831",45.51356125,-73.56789398,141607352
"832",45.51359558,-73.56799316,141607352
"833",45.51363754,-73.56807709,141607352
"834",45.51368332,-73.56816101,141607352
"835",45.5137291,-73.56824493,141607352
"836",45.51376724,-73.56833649,141607352
"837",45.51380157,-73.56842041,141607352
"838",45.51383591,-73.5684967,141607352
"839",45.51390839,-73.56855011,141607352
"840",45.51395035,-73.56858826,141607352
"841",45.51395798,-73.56861877,141607352
"842",45.51395416,-73.56864929,141607352
"843",45.51395035,-73.56867218,141607352
"844",45.51395798,-73.56867981,141607352
"845",45.51395035,-73.56869507,141607352
"846",45.51395416,-73.56871033,141607352
"847",45.51395035,-73.56871796,141607352
"848",45.51395416,-73.56871796,141607352
"849",45.51395035,-73.56873322,141607352
"850",45.51394653,-73.56873322,141607352
"851",45.5139389,-73.56874084,141607352
"852",45.5139389,-73.56874084,141607352
"853",45.51393509,-73.56874847,141607352
"854",45.51393509,-73.56874847,141607352
"855",45.5139389,-73.56876373,141607352
"856",45.51394272,-73.56877899,141607352
"857",45.51394653,-73.56879425,141607352
"858",45.51395798,-73.56882477,141607352
"859",45.51398468,-73.56891632,141607352
"860",45.51401901,-73.56897736,141607352
"861",45.51406479,-73.56906128,141607352
"862",45.51410675,-73.56915283,141607352
"863",45.5141449,-73.56923676,141607352
"864",45.51418686,-73.56932068,141607352
"865",45.51422882,-73.56941223,141607352
"866",45.51426697,-73.56948853,141607352
"867",45.51431274,-73.56957245,141607352
"868",45.51435471,-73.569664,141607352
"869",45.51439667,-73.5697403,141607352
"870",45.51443863,-73.56983185,141607352
"871",45.51448059,-73.56991577,141607352
"872",45.51453018,-73.56999969,41551810
"873",45.51456833,-73.57009125,38718514
"874",45.51461792,-73.5701828,41551810
"875",45.51466751,-73.57026672,38718514
"876",45.5147171,-73.57035828,38718514
"877",45.51476288,-73.57044983,38718514
"878",45.51481247,-73.57054901,38718514
"879",45.51486588,-73.57064056,38718514
"880",45.51491547,-73.57073212,38718514
"881",45.51496124,-73.5708313,38718514
"882",45.51500702,-73.57091522,38718514
"883",45.5150528,-73.57100677,38718514
"884",45.51509857,-73.57108307,38718514
"885",45.5151329,-73.57115173,38718514
"886",45.51516724,-73.57121277,38718514
"887",45.51518631,-73.57125092,38718514
"888",45.51519775,-73.5712738,38718514
"889",45.51519775,-73.57128143,38718514
"890",45.51520157,-73.57128906,38718514
"891",45.51520157,-73.57128906,38718514
"892",45.51520538,-73.57128906,38718514
"893",45.51521301,-73.57129669,38718514
"894",45.51522446,-73.57131958,38718514
"895",45.51524734,-73.57136536,38718514
"896",45.51527023,-73.57141876,38718514
"897",45.51529694,-73.57149506,38718514
"898",45.51533127,-73.57157135,38718514
"899",45.51536942,-73.57165527,38718514
"900",45.51541138,-73.5717392,38718514
"901",45.51544952,-73.57181549,38718514
"902",45.51548004,-73.57189178,38718514
"903",45.51551437,-73.57196808,38718514
"904",45.51555252,-73.572052,38718514
"905",45.5155983,-73.57215118,38718514
"906",45.5156517,-73.57226563,38718514
"907",45.51570892,-73.57236481,38718514
"908",45.5157547,-73.57245636,38718514
"909",45.51579285,-73.57253265,38718514
"910",45.51582718,-73.57261658,38718514
"911",45.51587296,-73.57271576,38718514
"912",45.51592636,-73.57282257,38718514
"913",45.51597214,-73.57292175,38718514
"914",45.5160141,-73.57299805,38718514
"915",45.51604843,-73.57307434,38718514
"916",45.51608658,-73.57315826,38718514
"917",45.51612854,-73.57324219,38718514
"918",45.51617432,-73.57334137,38718514
"919",45.51621628,-73.57342529,38718514
"920",45.51625824,-73.57350922,38718514
"921",45.5163002,-73.57358551,38718514
"922",45.51633072,-73.57364655,38718514
"923",45.51635742,-73.57370758,38718514
"924",45.5163765,-73.57374573,38718514
"925",45.51639175,-73.57378387,38718514
"926",45.5164032,-73.57379913,38718514
"927",45.51639938,-73.57382202,38718514
"928",45.5164032,-73.57383728,38718514
"929",45.51639175,-73.57385254,38718514
"930",45.51638794,-73.5738678,38718514
"931",45.51638794,-73.57389069,38718514
"932",45.51639175,-73.57394409,38718514
"933",45.5163765,-73.5739975,38718514
"934",45.51633835,-73.5740509,465367055
"935",45.51628876,-73.57410431,465367055
"936",45.51623154,-73.57415009,19908079
"937",45.51617432,-73.57418823,465367055
"938",45.51612473,-73.57423401,19908079
"939",45.51608658,-73.5742569,465367055
"940",45.51606369,-73.57427216,19908079
"941",45.51604462,-73.57428741,465367055
"942",45.51603699,-73.57429504,19908079
"943",45.51602936,-73.57430267,465367055
"944",45.51602554,-73.57430267,465367055
"945",45.51602173,-73.57430267,465367055
"946",45.51601791,-73.5743103,465367055
"947",45.51601028,-73.5743103,465367055
"948",45.51600647,-73.5743103,465367055
"949",45.51600647,-73.57431793,465367055
"950",45.51600647,-73.57431793,465367055
"951",45.51600647,-73.57431793,465367055
"952",45.51600266,-73.5743103,19908079
"953",45.51599884,-73.5743103,465367055
"954",45.51599121,-73.57431793,19908079
"955",45.51597595,-73.57431793,19908079
"956",45.51595688,-73.57431793,19908079
"957",45.51592636,-73.57430267,19908079
"958",45.51589584,-73.5742569,19908079
"959",45.51586914,-73.57420349,19908079
"960",45.51585007,-73.57411194,19908079
"961",45.51582718,-73.5740509,19908079
"962",45.51580811,-73.5739975,19908079
"963",45.51579285,-73.57395935,19908079
"964",45.51577759,-73.57394409,19908079
"965",45.51576614,-73.5739212,19908079
"966",45.5157547,-73.57390594,19908079
"967",45.51575089,-73.57388306,19908079
"968",45.51574326,-73.5738678,19908079
"969",45.51573181,-73.5738678,4889333
"970",45.51573181,-73.5738678,4889333
"971",45.51573563,-73.5738678,4889333
"972",45.51573181,-73.5738678,4889333
"973",45.51573181,-73.5738678,4889333
"974",45.51573181,-73.5738678,4889333
"975",45.51573563,-73.57387543,4889333
"976",45.51573181,-73.57387543,4889333
"977",45.51573181,-73.57387543,4889333
"978",45.51573181,-73.57387543,4889333
"979",45.51573563,-73.57387543,4889333
"980",45.51573563,-73.57387543,4889333
"981",45.51573563,-73.57387543,4889333
"982",45.51573563,-73.57387543,4889333
"983",45.51573563,-73.57387543,4889333
"984",45.51573563,-73.57387543,4889333
"985",45.51573563,-73.57387543,4889333
"986",45.51573563,-73.57387543,4889333
"987",45.51573563,-73.57387543,4889333
"988",45.51573563,-73.57387543,4889333
"989",45.51573563,-73.57387543,4889333
"990",45.51573563,-73.57387543,4889333
"991",45.51573563,-73.57387543,4889333
"992",45.51573563,-73.57387543,4889333
"993",45.51573563,-73.57387543,4889333
"994",45.51573563,-73.57387543,4889333
"995",45.51573563,-73.57387543,4889333
"996",45.51573563,-73.57387543,4889333
"997",45.51573563,-73.57387543,4889333
"998",45.51573563,-73.57387543,4889333
"999",45.51573563,-73.57387543,4889333
"1000",45.51573563,-73.57387543,4889333
"1001",45.51573563,-73.57387543,4889333
"1002",45.51573563,-73.57387543,4889333
"1003",45.51573563,-73.57387543,4889333
"1004",45.51573563,-73.57387543,4889333
"1005",45.51573563,-73.57387543,4889333
"1006",45.51573563,-73.57387543,4889333
"1007",45.51573563,-73.57387543,4889333
"1008",45.51573563,-73.57387543,4889333
"1009",45.51573563,-73.57387543,4889333
"1010",45.51573563,-73.57387543,4889333
"1011",45.51573563,-73.57387543,4889333
"1012",45.51573563,-73.57387543,4889333
"1013",45.51573563,-73.57387543,4889333
"1014",45.51573563,-73.57387543,4889333
"1015",45.51573563,-73.57387543,4889333
"1016",45.51573563,-73.57387543,4889333
"1017",45.51573563,-73.57387543,4889333
"1018",45.51573563,-73.57387543,4889333
"1019",45.51573563,-73.57387543,4889333
"1020",45.51573563,-73.57387543,4889333
"1021",45.51573563,-73.57387543,4889333
"1022",45.51573563,-73.57387543,4889333
"1023",45.51573563,-73.57387543,4889333
"1024",45.51573563,-73.57387543,4889333
"1025",45.51573563,-73.57387543,4889333
"1026",45.51573563,-73.57387543,4889333
"1027",45.51573563,-73.57387543,4889333
"1028",45.51573563,-73.57387543,4889333
"1029",45.51573563,-73.57387543,4889333
"1030",45.51573563,-73.57387543,4889333
"1031",45.51573563,-73.57387543,4889333
"1032",45.51573563,-73.57387543,4889333
"1033",45.51573563,-73.57387543,4889333
"1034",45.51573563,-73.57387543,4889333
"1035",45.51573563,-73.57387543,4889333
"1036",45.51573563,-73.57387543,4889333
"1037",45.51573563,-73.57387543,4889333
"1038",45.51573563,-73.57387543,4889333
"1039",45.51573563,-73.57387543,4889333
"1040",45.51573563,-73.57387543,4889333
"1041",45.51573563,-73.57387543,4889333
"1042",45.51573563,-73.57387543,4889333
"1043",45.51573563,-73.57387543,4889333
"1044",45.51573563,-73.57387543,4889333
"1045",45.51573563,-73.57387543,4889333
"1046",45.51573563,-73.57387543,4889333
"1047",45.51573563,-73.57387543,4889333
"1048",45.51573563,-73.57387543,4889333
"1049",45.51573563,-73.57387543,4889333
"1050",45.51573563,-73.57387543,4889333
"1051",45.51573563,-73.57387543,4889333
"1052",45.51573563,-73.57387543,4889333
"1053",45.51573563,-73.57387543,4889333
"1054",45.51573563,-73.57387543,4889333
"1055",45.51573563,-73.57387543,4889333
"1056",45.51573563,-73.57387543,4889333
"1057",45.51573563,-73.57387543,4889333
"1058",45.51573563,-73.57387543,4889333
"1059",45.51573563,-73.57387543,4889333
"1060",45.51573563,-73.57387543,4889333
"1061",45.51573563,-73.57387543,4889333
"1062",45.51573563,-73.57387543,4889333
"1063",45.51573563,-73.57387543,4889333
"1064",45.51573563,-73.57387543,4889333
"1065",45.51573563,-73.57387543,4889333
"1066",45.51573563,-73.57387543,4889333
"1067",45.51573563,-73.57387543,4889333
"1068",45.51573563,-73.57387543,4889333
"1069",45.51573563,-73.57387543,4889333
"1070",45.51573563,-73.57387543,4889333
"1071",45.51573563,-73.57387543,4889333
"1072",45.51573563,-73.57387543,4889333
"1073",45.51573563,-73.57387543,4889333
"1074",45.51573563,-73.57387543,4889333
"1075",45.51573563,-73.57387543,4889333
"1076",45.51573563,-73.57387543,4889333
"1077",45.51573563,-73.57387543,4889333
"1078",45.51573563,-73.57387543,4889333
"1079",45.51573563,-73.57387543,4889333
"1080",45.51573563,-73.57387543,4889333
"1081",45.51573563,-73.57387543,4889333
"1082",45.51573563,-73.57387543,4889333
"1083",45.51573563,-73.57387543,4889333
"1084",45.51573563,-73.57387543,4889333
"1085",45.51573563,-73.57387543,4889333
"1086",45.51573563,-73.57387543,4889333
"1087",45.51573563,-73.57387543,4889333
"1088",45.51573563,-73.57387543,4889333
"1089",45.51573563,-73.57387543,4889333
"1090",45.51573563,-73.57387543,4889333
"1091",45.51573563,-73.57387543,4889333
"1092",45.51573563,-73.57387543,4889333
"1093",45.51573563,-73.57387543,4889333
"1094",45.51573563,-73.57387543,4889333
"1095",45.51573563,-73.57387543,4889333
"1096",45.51573563,-73.57387543,4889333
"1097",45.51573563,-73.57387543,4889333
"1098",45.51573563,-73.57387543,4889333
"1099",45.51573563,-73.57387543,4889333
"1100",45.51573563,-73.57387543,4889333
"1101",45.51573563,-73.57387543,4889333
"1102",45.51573563,-73.57387543,4889333
"1103",45.51573563,-73.57387543,4889333
"1104",45.51573563,-73.57387543,4889333
"1105",45.51573563,-73.57387543,4889333
"1106",45.51573563,-73.57387543,4889333
"1107",45.51573563,-73.57387543,4889333
"1108",45.51573563,-73.57387543,4889333
"1109",45.51573563,-73.57387543,4889333
"1110",45.51573563,-73.57387543,4889333
"1111",45.51573563,-73.57387543,4889333
"1112",45.51573563,-73.57387543,4889333
"1113",45.51573563,-73.57387543,4889333
"1114",45.51573563,-73.57387543,4889333
"1115",45.51573563,-73.57387543,4889333
"1116",45.51573563,-73.57387543,4889333
"1117",45.51573563,-73.57387543,4889333
"1118",45.51573563,-73.57387543,4889333
"1119",45.51573563,-73.57387543,4889333
"1120",45.51573563,-73.57387543,4889333
"1121",45.51573563,-73.57387543,4889333
"1122",45.51573563,-73.57387543,4889333
"1123",45.51573563,-73.57387543,4889333
"1124",45.51573563,-73.57387543,4889333
"1125",45.51573563,-73.57387543,4889333
"1126",45.51573563,-73.57387543,4889333
"1127",45.51573563,-73.57387543,4889333
"1128",45.51573563,-73.57387543,4889333
"1129",45.51573563,-73.57387543,4889333
"1130",45.51573563,-73.57387543,4889333
"1131",45.51573563,-73.57387543,4889333
"1132",45.51573563,-73.57387543,4889333
"1133",45.51573563,-73.57387543,4889333
"1134",45.51573563,-73.57387543,4889333
"1135",45.51573563,-73.57387543,4889333
"1136",45.51573563,-73.57387543,4889333
"1137",45.51573563,-73.57387543,4889333
"1138",45.51573563,-73.57387543,4889333
"1139",45.51573563,-73.57387543,4889333
"1140",45.51573563,-73.57387543,4889333
"1141",45.51573563,-73.57387543,4889333
"1142",45.51573563,-73.57387543,4889333
"1143",45.51573563,-73.57387543,4889333
"1144",45.51573563,-73.57387543,4889333
"1145",45.51573563,-73.57387543,4889333
"1146",45.51573563,-73.57387543,4889333
"1147",45.51573563,-73.57387543,4889333
"1148",45.51573563,-73.57387543,4889333
"1149",45.51573563,-73.57387543,4889333
"1150",45.51573563,-73.57387543,4889333
"1151",45.51573563,-73.57387543,4889333
"1152",45.51573563,-73.57387543,4889333
"1153",45.51573563,-73.57387543,4889333
"1154",45.51573563,-73.57387543,4889333
"1155",45.51573563,-73.57387543,4889333
"1156",45.51573563,-73.57387543,4889333
"1157",45.51573563,-73.57387543,4889333
"1158",45.51573563,-73.57387543,4889333
"1159",45.51573563,-73.57387543,4889333
"1160",45.51573563,-73.57387543,4889333
"1161",45.51573563,-73.57387543,4889333
"1162",45.51573563,-73.57387543,4889333
"1163",45.51573563,-73.57387543,4889333
"1164",45.51573563,-73.57387543,4889333
"1165",45.51573563,-73.57387543,4889333
"1166",45.51573563,-73.57387543,4889333
"1167",45.51573563,-73.57387543,4889333
"1168",45.51573944,-73.57387543,4889333
"1169",45.51573181,-73.5738678,4889333
"1170",45.51573181,-73.57384491,4889333
"1171",45.515728,-73.57382202,4889333
"1172",45.51572418,-73.5737915,4889333
"1173",45.51571655,-73.57375336,4889333
"1174",45.51570511,-73.57370758,4889333
"1175",45.51566696,-73.57363129,4889333
"1176",45.51563644,-73.57356262,4889333
"1177",45.51560211,-73.57349396,4889333
"1178",45.51557159,-73.57342529,4889333
"1179",45.51553726,-73.57336426,4889333
"1180",45.51550293,-73.57331848,19908079
"1181",45.51547241,-73.57324219,19908079
"1182",45.51543808,-73.57318115,19908079
"1183",45.51540756,-73.57311249,19908079
"1184",45.51537704,-73.57304382,19908079
"1185",45.5153389,-73.57297516,19908079
"1186",45.51530838,-73.57290649,19908079
"1187",45.51527405,-73.57284546,19908079
"1188",45.51524353,-73.57276917,19908079
"1189",45.51521301,-73.57269287,19908079
"1190",45.51517868,-73.57261658,19908079
"1191",45.51515198,-73.57254791,19908079
"1192",45.51511765,-73.57248688,19908079
"1193",45.51508713,-73.57241821,19908079
"1194",45.51506042,-73.57235718,19908079
"1195",45.51503754,-73.57230377,19908079
"1196",45.51501465,-73.57225037,19908079
"1197",45.51498795,-73.57219696,19908079
"1198",45.51496124,-73.57213593,19908079
"1199",45.51493454,-73.57208252,19908079
"1200",45.51491165,-73.57202148,19908079
"1201",45.51489639,-73.57198334,19908079
"1202",45.51488495,-73.57196045,19908079
"1203",45.51488495,-73.57195282,19908079
"1204",45.51488113,-73.57194519,19908079
"1205",45.51487732,-73.57190704,19908079
"1206",45.51485825,-73.57188416,19908079
"1207",45.51484299,-73.57183838,19908079
"1208",45.51482391,-73.57180023,19908079
"1209",45.51480103,-73.57175446,19908079
"1210",45.51477814,-73.57170868,19908079
"1211",45.51475525,-73.57164764,19908079
"1212",45.51472855,-73.57158661,19908079
"1213",45.51469421,-73.57151031,19908079
"1214",45.51465988,-73.57144165,19908079
"1215",45.51462555,-73.57137299,19908079
"1216",45.51459122,-73.57130432,19908079
"1217",45.51454926,-73.57122803,19908079
"1218",45.51450729,-73.5711441,19908079
"1219",45.51446915,-73.57106781,19908079
"1220",45.51443481,-73.57098389,19908079
"1221",45.51439285,-73.57090759,19908079
"1222",45.51435089,-73.5708313,19908079
"1223",45.51430893,-73.57073975,19908079
"1224",45.51427078,-73.57064056,19908079
"1225",45.51422501,-73.57055664,19908079
"1226",45.51419067,-73.57047272,19908079
"1227",45.51414871,-73.57038116,19908079
"1228",45.51410675,-73.57029724,19908079
"1229",45.5140686,-73.57020569,19908079
"1230",45.51403046,-73.57012177,19908079
"1231",45.51399231,-73.57003021,19908079
"1232",45.51395416,-73.56995392,19908079
"1233",45.51392365,-73.56987762,19908079
"1234",45.51389313,-73.56980896,19908079
"1235",45.51386261,-73.56973267,19908079
"1236",45.51382828,-73.56965637,19908079
"1237",45.51379395,-73.56957245,19908079
"1238",45.51375961,-73.56949615,19908079
"1239",45.51371765,-73.56939697,19908079
"1240",45.51368332,-73.56934357,19908079
"1241",45.51366043,-73.56930542,19908079
"1242",45.51364899,-73.56925964,19908079
"1243",45.51364136,-73.56922913,19908079
"1244",45.51363373,-73.5692215,19908079
"1245",45.51362991,-73.56921387,19908079
"1246",45.51362991,-73.56921387,19908079
"1247",45.5136261,-73.56921387,19908079
"1248",45.51362228,-73.56921387,19908079
"1249",45.51362228,-73.56921387,19908079
"1250",45.51362228,-73.56921387,19908079
"1251",45.51361847,-73.56921387,19908079
"1252",45.51361847,-73.56920624,19908079
"1253",45.51362228,-73.56920624,19908079
"1254",45.51361847,-73.56919861,19908079
"1255",45.51361847,-73.56919861,19908079
"1256",45.51361847,-73.56919861,19908079
"1257",45.51361847,-73.56919861,19908079
"1258",45.51361847,-73.56919861,19908079
"1259",45.51361847,-73.56919861,19908079
"1260",45.51361847,-73.56919861,19908079
"1261",45.51361847,-73.56919861,19908079
"1262",45.51361847,-73.56919861,19908079
"1263",45.51361847,-73.56919861,19908079
"1264",45.51361847,-73.56919861,19908079
"1265",45.51361847,-73.56919861,19908079
"1266",45.51361847,-73.56919861,19908079
"1267",45.51361847,-73.56919861,19908079
"1268",45.51361847,-73.56919861,19908079
"1269",45.51361847,-73.56919861,19908079
"1270",45.51361847,-73.56919861,19908079
"1271",45.51361847,-73.56919861,19908079
"1272",45.51361847,-73.56919861,19908079
"1273",45.51361847,-73.56919861,19908079
"1274",45.51361847,-73.56919861,19908079
"1275",45.51361847,-73.56919861,19908079
"1276",45.51361847,-73.56919861,19908079
"1277",45.51361847,-73.56919861,19908079
"1278",45.51361847,-73.56919861,19908079
"1279",45.51361847,-73.56919861,19908079
"1280",45.51361847,-73.56919861,19908079
"1281",45.51361847,-73.56919861,19908079
"1282",45.51361847,-73.56919861,19908079
"1283",45.51361847,-73.56919861,19908079
"1284",45.51361847,-73.56919861,19908079
"1285",45.51361847,-73.56919861,19908079
"1286",45.51361847,-73.56919861,19908079
"1287",45.51361847,-73.56919861,19908079
"1288",45.51361847,-73.56919861,19908079
"1289",45.51361847,-73.56919861,19908079
"1290",45.51361847,-73.56919861,19908079
"1291",45.51361847,-73.56919861,19908079
"1292",45.51361847,-73.56919861,19908079
"1293",45.51361847,-73.56919861,19908079
"1294",45.51362228,-73.56919861,19908079
"1295",45.51362228,-73.56919861,19908079
"1296",45.51362228,-73.56919861,19908079
"1297",45.51362228,-73.56919861,19908079
"1298",45.51362228,-73.56919861,19908079
"1299",45.51362228,-73.56919861,19908079
"1300",45.51362228,-73.56919861,19908079
"1301",45.51362228,-73.56919861,19908079
"1302",45.51362228,-73.56919861,19908079
"1303",45.51361847,-73.56919098,19908079
"1304",45.51361465,-73.56919098,465414953
"1305",45.51361084,-73.56917572,19908079
"1306",45.5135994,-73.5691452,19908079
"1307",45.51360321,-73.56909943,19908079
"1308",45.5135994,-73.56905365,19908079
"1309",45.51361465,-73.56900024,465414952
"1310",45.51362991,-73.56893921,465414952
"1311",45.51367188,-73.56890106,465414952
"1312",45.5137291,-73.5688324,465414952
"1313",45.51380157,-73.56879425,465414952
"1314",45.51391983,-73.56880188,465414952
"1315",45.51401901,-73.56877899,465381658
"1316",45.51410294,-73.56873322,465381658
"1317",45.51419449,-73.56872559,465381658
"1318",45.5142746,-73.5687027,465381658
"1319",45.514328,-73.56867218,465381658
"1320",45.51436615,-73.56865692,465381658
"1321",45.51439667,-73.56864166,465381658
"1322",45.51441574,-73.56863403,465381658
"1323",45.51442719,-73.5686264,465381658
"1324",45.51442337,-73.56861877,465381658
"1325",45.51442719,-73.56861877,465381658
"1326",45.51442337,-73.56861877,465381658
"1327",45.51442337,-73.56861877,465381658
"1328",45.51442337,-73.56861115,465381658
"1329",45.51442337,-73.56861115,465381658
"1330",45.51442337,-73.56861115,465381658
"1331",45.51442719,-73.56861115,465381658
"1332",45.51442337,-73.56861115,465381658
"1333",45.51442719,-73.56861115,465381658
"1334",45.51442719,-73.56861115,465381658
"1335",45.51442719,-73.56861115,465381658
"1336",45.51442719,-73.56861115,465381658
"1337",45.51442719,-73.56861115,465381658
"1338",45.51442719,-73.56861115,465381658
"1339",45.51442719,-73.56861115,465381658
"1340",45.51442719,-73.56861115,465381658
"1341",45.51442719,-73.56861115,465381658
"1342",45.51442719,-73.56861115,465381658
"1343",45.51442719,-73.56861115,465381658
"1344",45.51442719,-73.56861115,465381658
"1345",45.51442719,-73.56861115,465381658
"1346",45.51442719,-73.56861115,465381658
"1347",45.51442719,-73.56861115,465381658
"1348",45.51442719,-73.56861115,465381658
"1349",45.51442719,-73.56861115,465381658
"1350",45.51442719,-73.56861115,465381658
"1351",45.51442719,-73.56861115,465381658
"1352",45.51442719,-73.56861115,465381658
"1353",45.51442719,-73.56861115,465381658
"1354",45.51442719,-73.56861115,465381658
"1355",45.51442719,-73.56861115,465381658
"1356",45.51442719,-73.56861115,465381658
"1357",45.51442719,-73.56861115,465381658
"1358",45.51442719,-73.56861115,465381658
"1359",45.51442719,-73.56861115,465381658
"1360",45.51442719,-73.56861115,465381658
"1361",45.51442719,-73.56861115,465381658
"1362",45.51442719,-73.56861115,465381658
"1363",45.51442719,-73.56861115,465381658
"1364",45.51442719,-73.56861115,465381658
"1365",45.51442719,-73.56861115,465381658
"1366",45.51442719,-73.56861115,465381658
"1367",45.514431,-73.56861115,465381658
"1368",45.51445007,-73.56860352,465381658
"1369",45.51448059,-73.56858063,465381658
"1370",45.51453018,-73.56855774,465381658
"1371",45.51459122,-73.56852722,465381658
"1372",45.51465988,-73.5684967,465381657
"1373",45.51473999,-73.56845856,465381657
"1374",45.51482391,-73.56842041,465381657
"1375",45.51491547,-73.56837463,465381657
"1376",45.51501465,-73.56832886,465381657
"1377",45.51511765,-73.56829071,465381657
"1378",45.51522446,-73.5682373,26699202
"1379",45.51533127,-73.56819916,26699202
"1380",45.51543045,-73.56816101,26699202
"1381",45.51551056,-73.56812286,26699202
"1382",45.51558304,-73.56809235,26699202
"1383",45.51563644,-73.56807709,26699202
"1384",45.51567841,-73.56807709,26699202
"1385",45.51568222,-73.56806183,26699202
"1386",45.51568222,-73.5680542,26699202
"1387",45.51568604,-73.56804657,26699202
"1388",45.51568222,-73.56804657,26699202
"1389",45.51568222,-73.5680542,26699202
"1390",45.51568222,-73.56806183,26699202
"1391",45.51568222,-73.56806183,26699202
"1392",45.51568222,-73.56806183,26699202
"1393",45.51568222,-73.5680542,26699202
"1394",45.51568222,-73.5680542,26699202
"1395",45.51568222,-73.5680542,26699202
"1396",45.51568222,-73.5680542,26699202
"1397",45.51567841,-73.5680542,26699202
"1398",45.51567841,-73.56806183,26699202
"1399",45.51567841,-73.56806183,26699202
"1400",45.51567841,-73.56806183,26699202
"1401",45.51567841,-73.56806183,26699202
"1402",45.51567841,-73.56806183,26699202
"1403",45.51567841,-73.56806183,26699202
"1404",45.51567841,-73.56806183,26699202
"1405",45.51567841,-73.56806183,26699202
"1406",45.51567841,-73.56806183,26699202
"1407",45.51567841,-73.56806183,26699202
"1408",45.51567841,-73.56806183,26699202
"1409",45.51567841,-73.56806183,26699202
"1410",45.51567841,-73.56806183,26699202
"1411",45.51567841,-73.56806183,26699202
"1412",45.51567841,-73.56806183,26699202
"1413",45.51567841,-73.56806183,26699202
"1414",45.51567841,-73.56806183,26699202
"1415",45.51567841,-73.56806183,26699202
"1416",45.51567841,-73.56806183,26699202
"1417",45.51567841,-73.56806183,26699202
"1418",45.51567841,-73.56806183,26699202
"1419",45.51567459,-73.56806183,26699202
"1420",45.51567459,-73.56806183,26699202
"1421",45.51567459,-73.56806183,26699202
"1422",45.51567459,-73.56806183,26699202
"1423",45.51567841,-73.56806183,26699202
"1424",45.51570129,-73.5680542,26699202
"1425",45.51573944,-73.56802368,26699202
"1426",45.51580048,-73.56800079,26699202
"1427",45.51588058,-73.56795502,26699202
"1428",45.51597214,-73.56789398,26699202
"1429",45.51607132,-73.56784058,26699202
"1430",45.5161705,-73.5677948,26699202
"1431",45.51626968,-73.56774902,26699202
"1432",45.51636124,-73.56770325,26699202
"1433",45.51645279,-73.5676651,26699202
"1434",45.51654816,-73.56761932,26699202
"1435",45.51663208,-73.56758118,26699202
"1436",45.51670837,-73.56752777,26699202
"1437",45.51681137,-73.56751251,26699202
"1438",45.51689148,-73.56745911,26699202
"1439",45.51700211,-73.56742096,215446977
"1440",45.51712036,-73.56737518,215446977
"1441",45.51724243,-73.56732178,215446977
"1442",45.51735687,-73.56726837,215446977
"1443",45.5174675,-73.56723022,215446977
"1444",45.51755905,-73.56718445,215446977
"1445",45.5176506,-73.56715393,215446977
"1446",45.5177002,-73.56712341,215446977
"1447",45.51774597,-73.56710052,215446977
"1448",45.51778412,-73.56707764,215446977
"1449",45.51781845,-73.56707001,215446977
"1450",45.51783752,-73.56705475,215446977
"1451",45.51784515,-73.56704712,215446977
"1452",45.51783752,-73.56704712,36675277
"1453",45.51783371,-73.56704712,36675277
"1454",45.51783371,-73.56704712,36675277
"1455",45.5178299,-73.56704712,36675277
"1456",45.51782608,-73.56703949,36675277
"1457",45.51783371,-73.56704712,36675277
"1458",45.51783752,-73.56705475,36675277
"1459",45.51784515,-73.56705475,36675277
"1460",45.51784515,-73.56705475,215446977
"1461",45.5178566,-73.56704712,36675277
"1462",45.51786804,-73.56704712,36675277
"1463",45.51790619,-73.56703186,36675277
"1464",45.51795578,-73.5670166,36675277
"1465",45.51801682,-73.56698608,36675277
"1466",45.51809311,-73.56694794,36675277
"1467",45.51818466,-73.56691742,453989327
"1468",45.51828003,-73.56687164,453989327
"1469",45.51836395,-73.56684113,453989327
"1470",45.51844025,-73.56681061,453989327
"1471",45.51848602,-73.5667572,453989327
"1472",45.51854706,-73.56672668,453989327
"1473",45.51859665,-73.56669617,453989327
"1474",45.51864624,-73.56668091,453989327
"1475",45.51868057,-73.56667328,453989327
"1476",45.51870728,-73.56665039,453989327
"1477",45.51871109,-73.56664276,453989327
"1478",45.51873398,-73.5666275,453989327
"1479",45.51876068,-73.56660461,453989327
"1480",45.51878738,-73.56660461,453989327
"1481",45.51881409,-73.56658936,453989327
"1482",45.51886368,-73.5665741,453989327
"1483",45.51893234,-73.56654358,453989327
"1484",45.51901627,-73.56651306,453989326
"1485",45.51911545,-73.56648254,453989326
"1486",45.51921463,-73.56643677,453989326
"1487",45.51931,-73.56639862,453989326
"1488",45.51940536,-73.56635284,453989326
"1489",45.5194931,-73.5663147,36675279
"1490",45.51958466,-73.56626892,36675279
"1491",45.51967621,-73.56622314,36675279
"1492",45.51976776,-73.56617737,36675279
"1493",45.51987076,-73.56613159,36675279
"1494",45.51998138,-73.56609344,36675279
"1495",45.52009583,-73.56604004,126012207
"1496",45.5202179,-73.56598663,126012207
"1497",45.5203476,-73.56591797,126012207
"1498",45.52044678,-73.56581116,126012207
"1499",45.52058029,-73.56576538,126012207
"1500",45.52071381,-73.56573486,126012207
"1501",45.52082443,-73.5656662,126012206
"1502",45.52095795,-73.56562805,126012206
"1503",45.52109528,-73.56560516,126012206
"1504",45.5212326,-73.56556702,360141652
"1505",45.52136612,-73.56555939,360141652
"1506",45.52150345,-73.56555939,218948504
"1507",45.52163696,-73.56555939,19977261
"1508",45.52177048,-73.56556702,218948504
"1509",45.52190018,-73.56555939,360141651
"1510",45.52201462,-73.56555176,218948503
"1511",45.5221138,-73.56554413,218948503
"1512",45.52220154,-73.56554413,218948503
"1513",45.52227783,-73.5655365,218948503
"1514",45.52232742,-73.56552887,218948503
"1515",45.52236557,-73.56552124,218948503
"1516",45.52239609,-73.56552124,218948503
"1517",45.52241516,-73.56552124,218948503
"1518",45.52242279,-73.56552124,218948503
"1519",45.52243042,-73.56551361,218948503
"1520",45.52243042,-73.56551361,218948503
"1521",45.52243042,-73.56551361,218948503
"1522",45.52242661,-73.56551361,218948503
"1523",45.52242661,-73.56551361,218948503
"1524",45.52242661,-73.56551361,218948503
"1525",45.52242279,-73.56551361,218948503
"1526",45.52242279,-73.56551361,218948503
"1527",45.52242279,-73.56551361,218948503
"1528",45.52242279,-73.56551361,218948503
"1529",45.52242279,-73.56551361,218948503
"1530",45.52242279,-73.56551361,218948503
"1531",45.52242279,-73.56551361,218948503
"1532",45.52242279,-73.56551361,218948503
"1533",45.52242279,-73.56551361,218948503
"1534",45.52242279,-73.56551361,218948503
"1535",45.52242279,-73.56551361,218948503
"1536",45.52242279,-73.56551361,218948503
"1537",45.52242279,-73.56551361,218948503
"1538",45.52242279,-73.56551361,218948503
"1539",45.52242279,-73.56551361,218948503
"1540",45.52242279,-73.56551361,218948503
"1541",45.52242279,-73.56551361,218948503
"1542",45.52242279,-73.56551361,218948503
"1543",45.52242279,-73.56551361,218948503
"1544",45.52243042,-73.56551361,218948503
"1545",45.52245331,-73.56552124,218948503
"1546",45.52249908,-73.56552887,218948503
"1547",45.52256393,-73.56552124,218948503
"1548",45.52264404,-73.56551361,463886953
"1549",45.52274323,-73.56549835,463886953
"1550",45.52285004,-73.56549072,463886953
"1551",45.52297592,-73.56542206,463886953
"1552",45.52308273,-73.56539917,463886952
"1553",45.52318573,-73.56537628,463886952
"1554",45.52330017,-73.56533813,329065112
"1555",45.5234108,-73.56530762,360141653
"1556",45.52352142,-73.5652771,360141653
"1557",45.52363586,-73.56524658,360141653
"1558",45.52375031,-73.56521606,360141653
"1559",45.52386475,-73.56519318,463886955
"1560",45.52397156,-73.56517029,463886955
"1561",45.52407455,-73.56513977,463886955
"1562",45.52418518,-73.56510925,463886955
"1563",45.52429581,-73.56507874,463886955
"1564",45.5243988,-73.56504822,463886955
"1565",45.52450562,-73.56501007,463886955
"1566",45.52461624,-73.56497192,463886955
"1567",45.52473068,-73.56492615,463886954
"1568",45.52483368,-73.56489563,463886954
"1569",45.52492905,-73.56486511,463886954
"1570",45.52500916,-73.56484222,463886954
"1571",45.52507782,-73.56482697,463886954
"1572",45.52512741,-73.56481171,463886954
"1573",45.52516556,-73.56480408,463886954
"1574",45.52518845,-73.56479645,463886954
"1575",45.5252037,-73.56479645,463886954
"1576",45.5252037,-73.56480408,463886954
"1577",45.52520752,-73.56480408,463886954
"1578",45.52520752,-73.56481171,463886954
"1579",45.52520752,-73.56481171,463886954
"1580",45.52520752,-73.56481934,463886954
"1581",45.52521133,-73.56481934,463886954
"1582",45.52521133,-73.56482697,463886954
"1583",45.52521133,-73.56482697,463886954
"1584",45.52520752,-73.56482697,463886954
"1585",45.52520752,-73.56482697,463886954
"1586",45.52520752,-73.56482697,463886954
"1587",45.5252037,-73.56482697,463886954
"1588",45.5252037,-73.56482697,463886954
"1589",45.5252037,-73.56482697,463886954
"1590",45.5252037,-73.56482697,463886954
"1591",45.5252037,-73.56482697,463886954
"1592",45.5252037,-73.56482697,463886954
"1593",45.5252037,-73.56482697,463886954
"1594",45.5252037,-73.56482697,463886954
"1595",45.5252037,-73.56482697,463886954
"1596",45.5252037,-73.56482697,463886954
"1597",45.5252037,-73.56482697,463886954
"1598",45.5252037,-73.56482697,463886954
"1599",45.5252037,-73.56482697,463886954
"1600",45.5252037,-73.56482697,463886954
"1601",45.5252037,-73.56482697,463886954
"1602",45.5252037,-73.56482697,463886954
"1603",45.5252037,-73.56482697,463886954
"1604",45.52521896,-73.56482697,463886954
"1605",45.52526093,-73.56481171,463886954
"1606",45.52532196,-73.56476593,463886954
"1607",45.52539063,-73.56474304,455449062
"1608",45.52547073,-73.56471252,455449062
"1609",45.5255661,-73.56468201,455449062
"1610",45.52566528,-73.56464386,455449062
"1611",45.52577209,-73.56461334,455449062
"1612",45.52587891,-73.56458282,455449062
"1613",45.52598572,-73.56455231,455449062
"1614",45.52608871,-73.56452179,455449062
"1615",45.52619171,-73.56448364,455449062
"1616",45.52629852,-73.5644455,455449062
"1617",45.52640152,-73.56441498,455449062
"1618",45.5265007,-73.56439209,455449062
"1619",45.52659225,-73.56435394,455449062
"1620",45.52668381,-73.56432343,455449062
"1621",45.52676392,-73.56430817,455449062
"1622",45.52685165,-73.56427765,455449062
"1623",45.52693176,-73.56425476,455449062
"1624",45.52700806,-73.56423187,455449062
"1625",45.52709961,-73.56420898,455449061
"1626",45.52719498,-73.56417847,455449061
"1627",45.52730179,-73.56414795,455449061
"1628",45.52739716,-73.5641098,455449061
"1629",45.52749252,-73.56407928,455449061
"1630",45.52756882,-73.56404877,455449061
"1631",45.52764511,-73.56401825,455449061
"1632",45.52770615,-73.56399536,455449061
"1633",45.52775574,-73.56397247,455449061
"1634",45.52780914,-73.56394196,455449061
"1635",45.52784348,-73.56388092,37625473
"1636",45.52785492,-73.56381226,37625473
"1637",45.5278511,-73.56372833,37625473
"1638",45.52782059,-73.56364441,37625473
"1639",45.52778625,-73.5635376,37625473
"1640",45.52772903,-73.56341553,37625473
"1641",45.52767944,-73.56329346,37625473
"1642",45.52763367,-73.56317139,37625473
"1643",45.52758789,-73.56304932,37625473
"1644",45.52754211,-73.56295013,37625473
"1645",45.52750015,-73.56285858,37625473
"1646",45.52746201,-73.56276703,37625473
"1647",45.52742386,-73.56269836,37625473
"1648",45.52740097,-73.56263733,37625473
"1649",45.52737045,-73.56256866,37625473
"1650",45.52734375,-73.56251526,37625473
"1651",45.52731705,-73.56246948,37625473
"1652",45.52729416,-73.56241608,37625473
"1653",45.52727127,-73.5623703,37625473
"1654",45.52725601,-73.56233978,37625473
"1655",45.52724075,-73.56232452,37625473
"1656",45.52722549,-73.56230164,37625473
"1657",45.52722168,-73.56228638,37625473
"1658",45.52722168,-73.56227875,37625473
"1659",45.52721405,-73.56226349,37625473
"1660",45.52720261,-73.5622406,37625473
"1661",45.52719879,-73.5622406,37625473
"1662",45.52719498,-73.5622406,37625473
"1663",45.52719498,-73.56224823,37625473
"1664",45.52719498,-73.5622406,37625473
"1665",45.52718735,-73.56222534,37625473
"1666",45.5271759,-73.56220245,37625473
"1667",45.52716446,-73.56217957,37625473
"1668",45.5271492,-73.56214905,37625473
"1669",45.52713394,-73.56211853,37625473
"1670",45.52711868,-73.56208801,37625473
"1671",45.52710342,-73.56204987,37625473
"1672",45.52706909,-73.5619812,37625473
"1673",45.52704239,-73.56191254,37625473
"1674",45.52701569,-73.56183624,37625473
"1675",45.52698135,-73.56176758,37625473
"1676",45.52694321,-73.56169128,37625473
"1677",45.52690506,-73.56160736,37625473
"1678",45.5268631,-73.56152344,37625473
"1679",45.52681732,-73.56143188,37625473
"1680",45.52678299,-73.56134796,37625473
"1681",45.52675247,-73.56128693,37625473
"1682",45.52672958,-73.56123352,37625473
"1683",45.52671051,-73.56119537,37625473
"1684",45.52669525,-73.56115723,37625473
"1685",45.52668381,-73.56112671,37625473
"1686",45.52667236,-73.56110382,37625473
"1687",45.52666473,-73.56108856,37625473
"1688",45.52666092,-73.5610733,37625473
"1689",45.52666092,-73.56106567,37625473
"1690",45.5266571,-73.56105804,37625473
"1691",45.52666092,-73.56106567,37625473
"1692",45.52666092,-73.56106567,37625473
"1693",45.52666092,-73.56106567,37625473
"1694",45.52666473,-73.56106567,37625473
"1695",45.52666473,-73.56106567,37625473
"1696",45.52666473,-73.56106567,37625473
"1697",45.52666855,-73.56106567,37625473
"1698",45.52667236,-73.56106567,37625473
"1699",45.52667236,-73.56106567,37625473
"1700",45.52667618,-73.56105804,37625473
"1701",45.52667618,-73.56105804,37625473
"1702",45.52667618,-73.56105804,37625473
"1703",45.52667618,-73.56105804,37625473
"1704",45.52667618,-73.56105804,37625473
"1705",45.52667618,-73.56105804,37625473
"1706",45.52667618,-73.56105804,37625473
"1707",45.52667618,-73.56105804,37625473
"1708",45.52667618,-73.56105804,37625473
"1709",45.52667618,-73.56105804,37625473
"1710",45.52667618,-73.56105804,37625473
"1711",45.52667618,-73.56105804,37625473
"1712",45.52667618,-73.56105804,37625473
